142.6800 18
142.5300 20
142.3800 25
142.6050 26
141.4200 27
142.4400 28
142.5900 37
142.6650 19
142.5300 20
142.4400 21
142.3500 24
142.6050 26
142.6200 13
142.5000 15
141.4200 19
142.5300 20
142.4400 21
142.8000 24
142.4100 7
142.2600 9
142.2450 10
142.5150 13
142.5000 15
142.6650 19
142.4400 21
142.5300 20
142.8000 24
142.9500 25
142.2300 26
142.4400 28
142.6200 13
142.6650 19
142.7250 21
142.8000 24
143.1000 25
143.1450 36
141.7050 37
142.5000 15
142.6800 18
142.6650 19
142.9050 20
142.8000 24
142.9500 25
142.6050 26
142.5900 37
142.6500 3
142.8300 5
142.2150 6
142.3500 8
142.6500 11
142.3800 12
143.0700 36
142.2600 1
142.6500 3
142.8000 4
142.8300 5
142.7250 6
142.4100 7
142.3500 8
142.6200 36
